R=[100.0, 28.0, 11.0, 9.6, 8.79]
R=[8.22, 7.77, 7.31, 7.1, 6.83]
R=[6.6, 6.39, 6.2, 6.02, 5.86]
R=[5.75, 5.58, 5.45, 5.33, 5.21]
R=[5.1, 5.0, 4.9, 4.81, 4.72]
R=[4.64, 4.55, 4.48, 4.4, 4.33]
R=[4.26, 4.19, 4.12, 4.06, 4.0]
R=[3.94, 3.88, 3.82, 3.77, 3.72]
R=[3.66, 3.61, 3.56, 3.52, 3.47]
R=[3.42, 3.38, 3.33, 3.29, 3.25]
R=[3.21, 3.17, 3.13, 3.09, 3.05]
R=[3.01, 2.98, 2.94, 2.91, 2.87]
R=[2.84, 2.8, 2.77, 2.74, 2.71]
R=[2.67, 2.64, 2.61, 2.58, 2.55]
R=[2.52, 2.49, 2.47, 2.44, 2.41]
R=[2.38, 2.36, 2.33, 2.3, 2.28]
R=[2.25, 2.22, 2.2, 2.18, 2.15]
R=[2.13, 2.11, 2.09, 2.08, 2.07]
R=[2.06, 2.05, 2.04, 2.03, 2.02]
R=[2.01, 2., 1.99, 1.98, 1.97]