R	1B1	2B1	3B1	4B1	5B1	6B1	7B1	8B1	9B1	10B1	11B1	12B1
100.0	92704.4683788	93207.81369	94602.8910071	103006.976228	104368.708765	104373.093868	104460.694972	104928.202271	104960.95008	105895.808851	105948.06576	106155.732655
28.0	92704.4266786	93207.7983267	94602.8778386	103006.971839	104368.70657	104373.100452	104460.701556	104928.20666	104960.95008	105895.811046	105948.067955	106155.732655
11.0	92704.5056895	93207.8817271	94602.9722127	103006.936723	104368.781192	104373.124594	104460.778372	104928.320787	104961.013728	105895.861525	105948.173303	106155.835808
9.6	92704.9380545	93208.3382343	94603.4726148	103007.162782	104369.591053	104373.429664	104461.546533	104929.233801	104961.612894	105896.370706	105949.079733	106156.661033
8.79	92705.798395	93209.2600278	94604.4800034	103007.91119	104371.474145	104374.125399	104463.357199	104931.261747	104963.013142	105897.501	105951.177911	106158.528762
8.22	92707.139385	93210.6844181	94606.0097416	103009.368502	104374.068335	104375.920701	104466.309133	104934.540698	104965.396636	105899.342393	105954.579767	106161.586044
7.77	92708.9763877	93212.6179896	94608.1232823	103011.72127	104376.179681	104380.075356	104470.716183	104938.98067	104969.149652	105901.824651	105959.585984	106166.098442
7.31	92712.0841484	93215.8837721	94611.680966	103016.167826	104378.719003	104388.395639	104478.496559	104945.916068	104976.552532	105905.854205	105968.290348	106174.197056
7.1	92714.1186782	93218.0148708	94613.9986181	103019.266808	104380.255325	104393.979074	104483.700303	104949.958791	104982.054761	105908.35841	105973.992298	106179.756348
6.83	92717.5315087	93221.5923072	94617.8679558	103024.657105	104382.724415	104403.328693	104492.523183	104955.913137	104992.242773	105912.341875	105983.377034	106189.479074
6.6	92721.3679253	93225.5977192	94622.1872165	103030.861652	104385.351526	104413.624248	104502.500499	104961.656789	105004.682595	105916.53384	105993.470672	106200.926871
6.39	92725.8386235	93230.2593604	94627.1890433	103038.176742	104388.242007	104425.210314	104514.187523	104967.545293	105019.969003	105921.116471	106004.499272	106214.924963
6.2	92730.9062927	93235.5245567	94632.8075939	103046.442156	104391.314652	104437.663304	104527.478907	104973.58304	105037.779369	105926.00856	106015.940484	106231.517245
6.02	92736.8321077	93241.6566779	94639.3172114	103055.987108	104394.655056	104451.209278	104543.101111	104980.145331	105058.83357	105931.409831	106027.912826	106251.750611
5.86	92743.2275984	93248.2518905	94646.2569992	103066.078551	104397.999849	104464.588452	104560.075279	104986.876618	105081.568947	105936.958149	106039.281611	106274.393809
5.75	92748.3654995	93253.5609818	94651.8667708	103073.990612	104400.504055	104474.409941	104573.77708	104992.117672	105099.706331	105941.248878	106047.375836	106293.018426
5.58	92757.721703	93263.1542179	94661.8857876	103087.929446	104404.706994	104490.348189	104598.788409	105001.460707	105132.300508	105948.776858	106060.138285	106327.568122
5.45	92766.1868395	93271.8234658	94670.8930264	103100.072977	104408.174693	104502.939449	104621.486475	105009.879754	105161.389676	105955.398408	106069.968554	106359.389749
5.33	92775.2818681	93281.0918794	94680.4423676	103112.486462	104411.550213	104514.701094	104645.448715	105018.924304	105191.782522	105962.314053	106079.028467	106393.447822
5.21	92785.750808	93291.7298147	94691.3370882	103126.074136	104415.064002	104526.45396	104672.4002	105029.535902	105225.831816	105970.136129	106088.026927	106432.435295
5.1	92796.7223447	93302.8462048	94702.6532001	103139.547684	104418.369289	104537.116038	104699.661144	105041.06271	105260.425408	105978.267664	106096.208941	106472.842769
5.0	92807.992367	93314.2435223	94714.1800077	103152.692019	104421.411208	104546.641237	104726.42388	105053.546427	105294.764408	105986.614284	106103.614015	106513.702361
4.9	92820.6472742	93327.0103615	94727.023663	103166.516726	104424.439958	104555.931598	104754.551749	105068.470701	105331.868789	105996.075836	106110.957636	106558.714413
4.81	92833.3526605	93339.8101219	94739.8168392	103179.535961	104427.113159	104564.032407	104780.594608	105084.670124	105367.555364	106005.745888	106117.54407	106602.918798
4.72	92847.4034263	93353.9289249	94753.8895525	103193.011704	104429.681012	104571.83034	104806.683558	105104.236287	105405.254521	106016.75693	106124.128309	106650.740125
4.64	92861.1864331	93367.7733845	94767.5781852	103205.297894	104431.838447	104578.399216	104829.289444	105125.119298	105440.240972	106027.910631	106129.994865	106696.362317
4.55	92878.2418066	93384.8924057	94784.4096946	103219.410112	104434.061726	104585.446546	104853.341669	105153.363488	105480.938153	106042.426683	106136.675673	106751.305595
4.48	92892.7359111	93399.4304052	94798.6294558	103230.506749	104435.595853	104590.571279	104870.528727	105179.235158	105513.170197	106055.412997	106141.938675	106796.627107
4.4	92910.7218571	93417.4646355	94816.1742578	103243.214331	104437.086086	104595.990107	104888.178877	105213.30201	105550.173619	106072.485928	106148.112496	106851.232395
4.33	92927.7838148	93434.5748777	94832.7402029	103254.273657	104438.106643	104600.300589	104901.709488	105247.112077	105582.212526	106089.705908	106153.768357	106901.4438
4.26	92946.1604255	93453.0019676	94850.4978952	103265.179352	104438.808962	104604.150174	104913.405291	105284.539085	105613.40426	106109.27646	106159.893894	106953.858732
4.19	92965.9307002	93472.8358899	94869.5219561	103275.83704	104439.138174	104607.475215	104923.305792	105325.335029	105643.208915	106130.95397	106167.219957	107008.402567
4.12	92987.1670655	93494.1490712	94889.878228	103286.147958	104439.032826	104610.214258	104931.476832	105369.118023	105671.075609	106152.157414	106178.768712	107064.941426
4.06	93006.6081282	93513.6691448	94908.4435869	103294.628457	104438.547787	104612.046871	104937.187562	105408.662962	105693.055993	106164.783789	106197.516235	107114.889462
4.0	93027.2343539	93534.3919394	94928.0799821	103302.700734	104437.647941	104613.350551	104941.74605	105449.669602	105713.012821	106173.093099	106223.81588	107166.064362
3.94	93049.0962218	93556.3657393	94948.8356978	103310.296751	104436.293782	104614.074817	104945.198386	105491.701188	105730.799045	106180.342346	106254.520381	107218.316882
3.88	93072.244211	93579.6454134	94970.7590186	103317.339692	104434.441417	104614.169191	104947.570907	105534.224398	105746.357602	106187.751809	106288.470912	107271.469248
3.82	93096.717827	93604.2704668	94993.8850604	103323.759325	104432.040364	104613.57661	104948.876781	105576.604949	105759.727996	106195.841644	106325.110006	107325.30418
3.77	93118.1604983	93625.8557967	95014.1118423	103328.583377	104429.593222	104612.520937	104949.153319	105611.264383	105769.312453	106203.398155	106357.377166	107370.513759
3.72	93140.5886108	93648.4397362	95035.2450544	103332.887275	104426.71591	104610.923161	104948.690227	105644.745237	105777.656879	106211.924745	106390.945811	107415.881359
3.66	93168.8371904	93676.8836482	95061.8234321	103337.292131	104422.670992	104608.243376	104947.138542	105682.336852	105786.411722	106223.706143	106432.553811	107470.24742
3.61	93193.5236968	93701.7369553	95085.0306795	103340.342828	104418.788486	104605.344116	104945.016222	105710.581042	105793.241772	106235.167108	106468.009938	107515.316535
3.56	93219.2878236	93727.6612986	95109.2409259	103342.787775	104414.440694	104601.812769	104942.121352	105734.622293	105800.550277	106248.29608	106503.861119	107559.935728
3.52	93240.7063528	93749.1961493	95129.3601653	103344.317514	104410.626225	104598.516261	104939.244039	105749.818717	105807.564686	106260.160879	106532.632048	107595.187743
3.47	93268.4962304	93777.115517	95155.4776463	103345.634361	104405.455402	104593.799751	104934.942337	105762.736993	105818.378202	106276.505155	106568.461281	107638.430829
3.42	93297.4690763	93806.1849317	95182.7298111	103346.365212	104399.860994	104588.413843	104929.857109	105769.610939	105830.820218	106294.701796	106603.875708	107680.631411
3.38	93321.538859	93830.292025	95205.3927613	103346.538597	104395.115952	104583.629296	104925.230584	105771.906643	105840.736082	106310.409596	106631.729233	107713.473594
3.33	93352.7898516	93861.5276544	95234.8660094	103346.29937	104388.907015	104577.06481	104918.762667	105772.110755	105851.902951	106331.286022	106665.725853	107753.213866
3.29	93378.7690635	93887.4278555	95259.4142468	103345.770436	104383.773504	104571.371638	104913.058521	105770.754402	105859.338752	106348.563065	106692.115483	107783.784487
3.25	93405.6700689	93914.1796181	95284.8952513	103345.019832	104378.571955	104565.309749	104906.911037	105768.414802	105865.328214	106366.114451	106717.673303	107813.176529
3.21	93433.5543206	93941.8246425	95311.3858391	103344.115597	104373.383575	104558.927427	104900.35094	105765.307041	105869.910845	106383.652669	106742.302746	107841.302203
3.17	93462.4832716	93970.4243816	95338.9694106	103343.156493	104368.309321	104552.270761	104893.430905	105761.615478	105873.19638	106400.877038	106765.93358	107868.080303
3.13	93492.542517	94000.0293144	95367.7535084	103342.250063	104363.47649	104545.4034	104886.197021	105757.489355	105875.353815	106417.453957	106788.50874	107893.447181
3.09	93523.8395992	94030.7513731	95397.8785961	103341.569691	104359.069439	104538.428496	104878.732689	105753.108641	105876.6136	106433.192483	106810.019449	107917.394057
3.05	93556.4886452	94062.691516	95429.5005008	103341.284374	104355.270333	104531.442619	104871.127893	105748.637943	105877.210571	106447.809493	106830.474484	107939.907765
3.01	93590.6345081	94095.9836226	95462.8101654	103341.607002	104352.322789	104524.584037	104863.50115	105744.279177	105877.430045	106461.089903	106849.937494	107961.030003
2.98	93617.331402	94121.9518609	95489.0439679	103342.427837	104350.84792	104519.62391	104857.854068	105741.22848	105877.526614	106470.070805	106863.948755	107976.004757
2.94	93654.5191834	94158.0642165	95525.9113163	103344.539183	104350.134627	104513.401804	104850.545562	105737.664212	105877.847047	106480.631924	106881.974206	107994.92347
2.91	93683.7444251	94186.4159492	95555.1607002	103347.082894	104350.757935	104509.15497	104845.348403	105735.539697	105878.446213	106487.440027	106895.133905	108008.434329
2.87	93724.6896121	94226.1606099	95596.6062893	103352.119837	104353.516731	104504.269465	104838.977055	105733.750979	105880.06813	106495.020681	106912.439479	108025.753072
2.84	93757.0467568	94257.6332719	95629.7732954	103357.406981	104357.337784	104501.352647	104834.769726	105733.428351	105882.177282	106499.585753	106925.443351	108038.410174
2.8	93802.6535849	94302.201985	95677.2171262	103366.956322	104365.278376	104498.740899	104830.173927	105734.780315	105886.634811	106504.260563	106943.205433	108055.182425
2.77	93838.9020148	94337.8907546	95715.5549545	103376.367394	104373.783018	104497.95518	104827.68289	105737.462295	105891.566406	106506.78891	106957.161825	108067.98438
2.74	93877.0884057	94375.8423076	95756.6076841	103388.076365	104384.873071	104498.387545	104826.201436	105741.915435	105898.203319	106508.592992	106971.99831	108081.282348
2.71	93917.3971162	94416.4078035	95800.7330585	103402.469512	104398.963343	104500.24869	104825.927093	105748.49309	105906.89232	106509.813271	106988.059463	108095.40554
2.67	93974.763395	94475.281873	95865.074241	103426.585384	104423.2526	104505.358059	104827.818964	105761.284071	105922.352113	106510.864554	107012.109493	108116.20954
2.64	94020.7564985	94523.6870026	95918.0927274	103449.015691	104446.301826	104511.542854	104831.262521	105774.538144	105937.423436	106511.562483	107032.757666	108133.903585
2.61	94069.5062033	94576.4070035	95975.814555	103475.774038	104474.175104	104519.977264	104836.72744	105791.536454	105955.995379	106512.521588	107056.261204	108153.992098
2.58	94121.2056471	94634.1617524	96038.8871742	103507.499096	104507.568169	104531.034396	104844.529763	105812.954983	105978.579318	106514.1874	107083.285116	108177.122529
2.55	94176.0435782	94697.8072003	96108.0546039	103544.899767	104546.810232	104545.521916	104855.02065	105839.566282	106005.695409	106517.134944	107114.582198	108204.043287
2.52	94234.1955761	94768.3243989	96184.1574318	103588.755188	104569.460014	104587.14089	104868.573208	105872.263613	106037.817716	106522.132382	107151.006207	108235.605934
2.49	94295.8416102	94846.8590058	96268.1569569	103639.925698	104590.395699	104642.402408	104885.615413	105912.071921	106075.314956	106530.250748	107193.533806	108272.787131
2.47	94338.9727645	94904.2999059	96329.0809195	103678.568596	104606.538058	104684.449357	104899.150414	105943.145139	106103.368203	106538.127693	107225.81194	108301.242017
2.44	94406.8716308	94999.1392831	96428.73557	103744.06202	104634.384999	104756.217561	104923.090707	105997.524368	106149.835372	106555.207208	107281.031757	108350.342881
2.41	94478.8329725	95105.7842005	96539.5263632	103819.554709	104667.005514	104839.66401	104951.940647	106062.572259	106200.731539	106581.276405	107345.623141	108408.382947
2.38	94555.1684435	95225.942171	96662.9742583	103906.163787	104704.891224	104936.353558	104986.380606	106139.972182	106254.252622	106620.527248	107421.122414	108476.933653
2.36	94608.6983058	95314.4804314	96753.1454101	103970.654213	104733.350499	105006.328655	105015.555368	106199.353238	106290.17184	106656.635214	107478.365787	108529.346389
2.33	94693.3101651	95461.3748013	96901.6156078	104078.317492	104781.27059	105052.062778	105138.259244	106301.404551	106342.905009	106729.654423	107575.988102	108619.464867
2.3	94783.6261701	95627.1176524	97067.8105766	104199.959111	104836.097547	105105.926242	105279.434105	106396.955026	106417.895101	106828.966693	107689.618897	108725.324065
2.28	94847.3791607	95749.220168	97189.5970488	104289.188717	104876.880323	105147.097488	105384.944339	106430.949452	106508.432775	106910.993142	107775.41153	108805.820775
2.25	94948.9564089	95951.652593	97390.6709258	104435.4093	104945.119375	105218.139231	105562.227166	106482.295541	106664.810644	107058.699568	107921.083426	108943.422589
2.22	95058.5686234	96179.6779546	97616.3676616	104595.895733	105022.912158	105302.553563	105764.909792	106539.57842	106847.128219	107237.099521	108089.701395	109103.882686
2.2	95136.6489178	96347.3894931	97782.0512545	104709.829403	105080.796397	105367.864823	105915.695447	106583.666484	106984.679554	107373.935368	108216.415072	109225.13803
2.18	95219.1757681	96528.7984433	97961.0898787	104827.994544	105144.152138	105441.832163	106080.224604	106634.591182	107136.292628	107525.919355	108355.774878	109359.043891
2.15	95352.1949519	96828.9080524	98257.1304281	105009.291562	105251.071399	105571.945503	106357.453982	106724.918161	107394.702058	107783.968846	108590.98145	109585.958711
2.13	95447.6773897	97049.328618	98474.563944	105129.827029	105330.905296	105673.165007	106559.100688	106807.995892	107584.633208	107978.245593	108767.002298	109756.775815
2.11	95549.1800165	97287.5024865	98709.5685988	105248.108491	105418.796106	105785.931072	106781.048797	106904.779815	107795.157662	108191.04161	108959.968782	109944.441987
2.09	95657.2317664	97544.7816215	98963.5600039	105363.844048	105514.750414	105908.593248	107020.478061	107026.228296	108025.674061	108423.945893	109171.303098	110150.565976
2.08	95713.8891421	97681.0402508	99098.1374575	105421.113758	105565.659749	105972.611803	107090.418041	107154.721913	108148.867365	108548.37484	109284.328143	110261.034141
2.07	95772.396689	97822.6277241	99238.0327814	105478.370299	105618.460956	106037.7826	107168.171318	107288.66728	108277.639715	108678.374053	109402.537178	110376.721413
2.06	95832.8400021	97969.7569318	99383.4522818	105535.947274	105673.110139	106103.57012	107254.380953	107428.270702	108412.197416	108814.136669	109526.136511	110497.847267
2.05	95895.3024817	98122.6275958	99534.6110437	105594.20462	105729.578766	106169.528831	107349.683421	107573.751655	108552.762137	108955.873385	109655.34781	110624.628982
2.04	95959.8609442	98281.4548013	99691.7285418	105653.471549	105787.882202	106235.294403	107454.576931	107725.334003	108699.555549	109103.803675	109790.392745	110757.294811
2.03	96026.6031792	98446.4668019	99855.0286403	105714.05752	105848.070924	106300.616638	107569.449953	107883.250389	108852.812488	109258.160183	109931.506153	110896.075204
2.02	96095.6257556	98617.8896564	100024.746177	105776.256631	105910.239308	106365.396769	107694.581218	108047.74443	109012.772183	109419.184329	110078.929456	111041.215972
2.01	96167.0230474	98795.9582027	100201.126963	105840.316886	105974.49709	106429.641383	107830.137529	108219.061936	109179.682639	109587.130705	110232.910662	111192.962926
2.0	96240.8916237	98980.9336156	100384.423395	105906.475318	106040.986929	106493.484358	107976.208869	108397.468474	109353.805032	109762.264876	110393.717529	111351.577241
1.99	96317.3258583	99173.0617067	100574.896648	105974.929455	106109.842705	106557.116638	108132.817186	108583.229606	109535.40273	109944.8546	110561.611231	111517.315702
1.98	96396.4420729	99372.6124298	100772.81009	106045.876824	106181.218049	106620.841096	108299.995401	108776.615286	109724.750077	110135.172025	110736.870502	111690.463627
1.97	96478.3500048	99579.8645177	100978.451234	106119.493004	106255.270984	106684.954025	108477.745709	108977.921807	109922.134586	110333.511248	110919.787243	111871.306333
