R	1A1	2A1	3A1	4A1	5A1	6A1	7A1	8A1	9A1	10A1	11A1	12A1	13A1
100.0	4.99027532896e-08	92700.5551461	93201.4598994	94592.0357919	104367.056121	104453.713484	104455.640471	104956.83932	104958.399785	105862.624287	105943.843068	105944.960194	108534.975914
28.0	4.99027532896e-08	92700.5551461	93201.4577047	94592.0270129	104367.056121	104453.717873	104455.647055	104956.84371	104958.399785	105862.624287	105943.845263	105944.962389	108534.96494
11.0	0.00438954598486	92700.6539097	93201.5652472	94592.1521134	104367.113184	104453.832	104455.739235	104956.997342	104958.461238	105862.738414	105943.990116	105945.023842	108535.252452
9.6	0.0131685381491	92701.1630908	93202.0283387	94592.5318045	104367.740882	104454.727457	104456.138679	104958.004731	104958.957251	105863.607533	105945.0831	105945.353054	108536.935822
8.79	0.0987636368961	92702.1726741	93202.9501321	94593.3263027	104369.200388	104456.709313	104457.170209	104960.067792	104960.291656	105865.512573	105946.178279	105947.521463	108540.357431
8.22	0.287511818719	92703.7375283	93204.4008595	94594.5729186	104371.658504	104458.792127	104460.15287	104961.913574	104964.029309	105868.528154	105947.451231	105951.665144	108545.56337
7.77	0.621113271445	92705.8005898	93206.3717416	94596.3770001	104375.134982	104461.175621	104465.209565	104964.602138	104969.485449	105872.748652	105949.264092	105957.825797	108552.702879
7.31	1.25758970432	92709.224394	93209.6572769	94599.4167237	104381.047629	104465.209565	104474.071951	104969.276948	104978.999674	105879.719166	105952.259921	105968.909266	108564.497446
7.1	1.71190217455	92711.4279193	93211.7971545	94601.4424745	104384.84015	104467.891545	104479.96265	104972.382514	104985.35127	105884.106464	105954.197882	105976.476751	108572.010063
6.83	2.50859503977	92715.0668087	93215.357033	94604.8618892	104390.974466	104472.441254	104489.839008	104977.614789	104996.136253	105891.138431	105957.395627	105989.531102	108584.250163
6.6	3.47867292537	92719.0853891	93219.353666	94608.8102378	104397.453357	104477.598908	104500.823713	104983.498904	105008.341237	105898.550089	105960.896247	106004.554141	108597.477899
6.39	4.65066745609	92723.6921616	93223.973607	94613.4521263	104404.421677	104483.654213	104513.362299	104990.324565	105022.640009	105906.637729	105964.864349	106022.327196	108612.285852
6.2	6.00482592452	92728.8322574	93229.1751557	94618.7590228	104411.558992	104490.517185	104527.136527	104997.986424	105038.850405	105915.195045	105969.214336	106042.58251	108628.325058
6.02	7.61576971413	92734.7427092	93235.2150975	94625.020634	104418.953092	104498.497282	104542.600709	105006.835641	105057.758145	105924.535885	105974.121788	106066.200175	108646.179319
5.86	9.36937200166	92741.0284626	93241.6917938	94631.8243475	104425.923606	104506.986561	104558.51262	105016.259882	105078.072717	105933.993047	105979.231158	106091.463899	108664.492282
5.75	10.7849833903	92746.0149262	93246.8604214	94637.313408	104430.86837	104513.645421	104570.697851	105023.732993	105094.280918	105941.200594	105983.205843	106111.488765	108678.56719
5.58	13.4186789187	92754.9738806	93256.2122354	94647.3565671	104438.642161	104525.341224	104591.600615	105037.149477	105123.519328	105953.633832	105990.213668	106147.269714	108703.029832
5.45	15.7911996797	92762.929836	93264.6027505	94656.5086592	104444.609676	104535.404136	104609.250765	105049.159129	105149.781662	105964.317857	105996.372126	106179.023303	108723.851391
5.33	18.3217421749	92771.4213094	93273.5551206	94666.2730855	104450.076789	104545.438516	104626.747282	105061.785504	105177.409129	105975.208188	106002.739085	106212.082767	108744.899008
5.21	21.2210020167	92781.0913616	93283.8199491	94677.5935869	104455.475865	104556.186189	104645.308252	105076.115003	105208.662316	105987.200282	106009.929074	106249.079605	108767.788017
5.1	24.2453624219	92791.1213522	93294.512753	94689.4737486	104460.31967	104566.488328	104663.092281	105090.88784	105240.72756	105999.260413	106017.323175	106286.704141	108790.413656
5.0	27.3311757224	92801.3378962	93305.4382001	94701.6787328	104464.60601	104576.118875	104679.737237	105105.816505	105272.882788	106011.197638	106024.831402	106324.196992	108812.367704
4.9	30.7769274022	92812.7176558	93317.6475738	94715.3783392	104468.747496	104585.867938	104696.654341	105122.270518	105307.996534	106024.144446	106033.221917	106365.001715	108835.62543
4.81	34.2117053917	92824.0666889	93329.8459737	94729.1284247	104472.313959	104594.642533	104711.942944	105138.447992	105342.146786	106036.731316	106041.669495	106404.682728	108857.64093
4.72	37.9888637513	92836.5723533	93343.3085475	94744.3533798	104475.687284	104603.309586	104727.115225	105155.959873	105378.656391	106050.211448	106051.203473	106447.267391	108880.630898
4.64	41.678232289	92848.7510005	93356.376067	94759.0581801	104478.483391	104610.835371	104740.358324	105172.646529	105412.969054	106059.653247	106064.115166	106487.624385	108901.834342
4.55	46.1862411972	92863.7674547	93372.5689052	94777.450154	104481.356314	104618.999828	104754.806339	105192.640668	105453.431397	106071.719962	106079.662749	106535.889051	108926.446227
4.48	49.9963207774	92876.4925938	93386.2904591	94793.0548002	104483.342559	104625.055133	104765.593517	105209.026644	105486.016796	106082.399597	106092.539325	106575.541533	108946.060674
4.4	54.6952725906	92892.2508722	93403.2777954	94812.3817361	104485.300273	104631.582308	104777.322242	105228.548912	105524.082475	106096.325262	106108.141777	106623.110464	108968.870673
4.33	59.1308548634	92907.1861208	93419.363091	94830.6815308	104486.691742	104636.876036	104786.954983	105246.22101	105557.714768	106110.338718	106122.59857	106666.680568	108989.062339
4.26	63.8890648238	92923.2626374	93436.6598867	94850.3508471	104487.727662	104641.715452	104795.907353	105264.307914	105591.178065	106126.413039	106137.816941	106712.004273	109009.330821
4.19	68.9677077737	92940.5704068	93455.2537773	94871.4708908	104488.357554	104646.030323	104804.095952	105282.658188	105623.950016	106144.945477	106153.816642	106759.00696	109029.551018
4.12	74.4150681199	92959.1686869	93475.2040212	94894.1053094	104488.519965	104649.743834	104811.428599	105301.10503	105655.424873	106166.342059	106170.595477	106807.563527	109049.534184
4.06	79.3686104813	92976.2372288	93493.4643104	94914.757872	104488.243427	104652.397282	104816.981307	105316.821609	105680.910267	106184.448716	106188.412428	106850.321575	109066.328382
4.0	84.6447806051	92994.3877808	93512.8439202	94936.6263242	104487.534524	104654.506433	104821.798775	105332.329686	105704.611332	106199.967767	106211.977419	106894.005805	109082.677047
3.94	90.2567468798	93013.6796007	93533.3889403	94959.7391974	104486.347167	104656.014224	104825.826135	105347.48002	105726.190078	106216.002583	106238.281453	106938.471365	109098.411184
3.88	96.195730388	93034.1807259	93555.1564341	94984.1381921	104484.641849	104656.86798	104829.010712	105362.129951	105745.391913	106232.515855	106267.361842	106983.553649	109113.379353
3.82	102.52318395	93055.9482197	93578.2012703	95009.849645	104482.372481	104657.010639	104831.299832	105376.134627	105762.043453	106249.448322	106299.119821	107029.055129	109127.370861
3.77	108.10661855	93075.1039654	93598.4170785	95032.3084839	104480.017518	104656.543158	104832.478411	105387.207122	105773.917031	106263.8283	106327.478137	107067.131783	109138.136092
3.72	114.019265107	93095.229789	93619.589796	95055.7066742	104477.221411	104655.516017	104832.967839	105397.65631	105783.973359	106278.401416	106357.368387	107105.204047	109147.972945
3.66	121.599918803	93120.7283515	93646.3086375	95085.0614059	104473.25331	104653.494655	104832.594732	105409.270907	105793.685111	106296.066928	106394.927081	107150.663827	109158.34751
3.61	128.333400453	93143.1498797	93669.7836439	95110.8189485	104469.416894	104651.113356	104831.44688	105418.100371	105799.887464	106310.852934	106427.321536	107188.158873	109165.642847
3.56	135.547531525	93166.7082865	93694.2726231	95137.3446523	104465.102022	104648.0868	104829.515503	105426.111195	105804.465705	106325.636745	106460.407337	107225.1184	109171.564273
3.52	141.697210671	93186.4083293	93714.681569	95159.3140628	104461.324864	104645.222657	104827.384405	105431.91191	105807.044532	106337.431312	106487.167878	107254.168062	109175.211941
3.47	149.925314564	93212.1439244	93741.2204412	95187.6372638	104456.147458	104640.978017	104823.967185	105438.351295	105808.914455	106352.004427	106520.71677	107289.674668	109178.28678
3.42	158.85793198	93239.1941725	93768.9817872	95216.9766323	104450.524518	104636.039838	104819.702793	105443.901809	105809.419247	106366.351484	106554.096667	107324.110238	109179.579486
3.38	166.581244223	93261.8483439	93792.1188027	95241.1890735	104445.737776	104631.602061	104815.677628	105447.711888	105808.912261	106377.621506	106580.486296	107350.765431	109179.245885
3.33	177.133584446	93291.5213138	93822.2592536	95272.3764184	104439.443243	104625.456771	104809.874719	105451.715106	105807.237669	106391.380371	106612.836857	107382.806533	109176.796548
3.29	186.36029785	93316.4207106	93847.4176304	95298.1054293	104434.215358	104620.086227	104804.624886	105454.355385	105805.146076	106402.097317	106638.047907	107407.332822	109173.456144
3.25	196.429793903	93342.4350385	93873.5658379	95324.536759	104428.886514	104614.342576	104798.848313	105456.550132	105802.464096	106412.528946	106662.539081	107430.79905	109168.689155
3.21	207.482536255	93369.6608664	93900.771913	95351.6901602	104423.531333	104608.267518	104792.571339	105458.369576	105799.281714	106422.659895	106686.205031	107453.143762	109162.451686
3.17	219.667767723	93398.2079315	93929.1258404	95379.5963594	104418.252968	104601.915923	104785.826883	105459.905899	105795.695498	106432.490164	106708.968939	107474.336232	109154.715205
3.13	233.185210203	93428.1969449	93958.724189	95408.294862	104413.169935	104595.355826	104778.652258	105461.268836	105791.815187	106442.028531	106730.76716	107494.358903	109145.455571
3.09	248.263117244	93459.7969022	93989.6986436	95437.838342	104408.435868	104588.683797	104771.11111	105462.612021	105787.790022	106451.310113	106751.584328	107513.235916	109134.681561
3.05	265.167053282	93493.1855776	94022.1852783	95468.2948364	104404.230734	104582.013963	104763.28245	105464.108838	105783.780221	106460.381	106771.424835	107531.024335	109122.419513
3.01	284.199893198	93528.5868354	94056.3618677	95499.7389666	104400.776203	104575.493372	104755.258457	105465.980957	105779.98331	106469.322396	106790.343548	107547.822923	109108.719907
2.98	300.105219602	93556.6225246	94083.2365361	95524.0523661	104398.836047	104570.809783	104749.183399	105467.793817	105777.422041	106476.003204	106803.992675	107559.86769	109097.559622
2.94	323.830427137	93596.2113584	94120.9005774	95557.5376104	104397.354594	104565.006874	104741.111122	105471.006926	105774.606181	106484.979716	106821.581372	107575.338457	109081.592843
2.91	343.760918279	93627.7871735	94150.7030374	95583.5497436	104397.264609	104561.139731	104735.180918	105474.215645	105773.129117	106491.862441	106834.455754	107586.669932	109068.900625
2.87	373.600688966	93672.7311882	94192.714871	95619.4140929	104398.827268	104556.886313	104727.58929	105479.921985	105772.32145	106501.403003	106851.429922	107601.712723	109051.368991
2.84	398.860024135	93708.8435438	94226.2264523	95647.6056091	104401.500469	104554.590608	104722.256057	105485.553704	105772.8438	106508.961709	106864.216514	107613.153936	109037.669385
2.8	436.910340731	93760.6768672	94273.8919525	95686.9881367	104407.457011	104553.124518	104715.847398	105495.357636	105775.481885	106519.819119	106881.730589	107629.087794	109019.130363
2.77	469.195058815	93802.6887009	94312.1617437	95718.067939	104413.990771	104553.556883	104711.730054	105504.810408	105779.267822	106528.727594	106895.526764	107641.902918	109005.27054
2.74	505.188898119	93847.7556214	94352.8720928	95750.6752848	104422.526139	104555.677007	104708.367702	105516.449148	105784.95441	106538.470073	106910.218396	107655.804441	108991.555571
2.71	545.247407626	93896.2660988	94396.3061221	95785.0472067	104433.229917	104559.926036	104705.92495	105530.671104	105792.91256	106549.246277	106926.152254	107671.226923	108978.571451
2.67	605.978232464	93967.064225	94459.0758662	95834.2468344	104451.055646	104569.953832	104704.430327	105554.435817	105807.812693	106565.579579	106950.046457	107694.912625	108962.75172
2.64	657.730350227	94025.4071659	94510.1629759	95873.8312787	104467.039983	104581.82302	104704.904393	105576.545691	105822.8489	106579.606203	106970.582698	107715.71882	108952.543955
2.61	715.577278435	94088.8902026	94565.1655129	95916.2579194	104485.034708	104598.658919	104707.011349	105602.98141	105841.855403	106595.443492	106993.980889	107739.808355	108944.298293
2.58	780.252062409	94158.1783433	94624.5158424	95961.9832639	104504.695246	104621.784961	104711.016761	105634.42554	105865.49721	106613.367985	107020.899452	107767.903303	108938.607316
2.55	852.584316209	94234.0243859	94688.6836399	96011.5669722	104525.76481	104652.607978	104717.219114	105671.641853	105894.566625	106633.678168	107052.084602	107800.815718	108936.173342
2.52	933.539728252	94317.2776973	94758.1649183	96065.6652738	104548.293881	104692.337275	104725.958594	105715.477521	105929.967882	106656.736172	107088.394485	107839.471785	108937.828181
2.49	1024.07740261	94408.9061606	94833.4820271	96125.0726667	104572.686291	104741.95171	104737.595139	105766.887259	105972.730319	106682.897548	107130.783815	107884.914007	108944.555078
2.47	1090.38507783	94475.1743304	94887.1940533	96168.0896941	104590.307909	104752.857405	104775.270154	105805.870342	106005.906104	106702.257405	107162.963185	107919.551493	108952.414465
2.44	1199.65930136	94583.2326645	94973.3971037	96238.5564136	104619.322455	104770.244185	104843.410442	105872.237276	106063.647685	106734.500423	107218.011812	107978.985223	108970.238
2.41	1321.99446013	94702.87048	95066.8625696	96317.4268166	104652.094407	104791.735141	104924.080537	105949.132407	106132.275207	106771.097818	107282.407863	108048.677197	108996.697861
2.38	1458.95321348	94835.5692308	95167.928442	96406.1165146	104689.339252	104817.889932	105018.625818	106037.745289	106213.458872	106812.569744	107357.681077	108130.212022	109033.497172
2.36	1559.17630328	94932.1183153	95239.7493199	96471.6911445	104717.010613	104838.226451	105090.143821	106103.925669	106275.482403	106843.364229	107414.755455	108192.033636	109064.803034
2.33	1724.39022049	95090.4275606	95354.3348295	96581.3955383	104763.297813	104873.58162	105211.489149	106214.582583	106381.901261	106895.133905	107512.099037	108297.394627	109123.622234
2.3	1909.28223305	95266.7403099	95477.2801277	96707.0820747	104815.982698	104915.44421	105351.535911	106339.39561	106506.431167	106955.228253	107625.411594	108419.81977	109199.027133
2.28	2044.6059004	95395.3941433	95563.9023747	96801.2696122	104855.049182	104947.388743	105456.420642	106430.293223	106600.763557	107001.377184	107710.973778	108512.073736	109259.962069
2.25	2267.56578754	95606.8996495	95700.7733382	96960.7376836	104920.204615	105002.051094	105632.919944	106576.412847	106761.298275	107083.623107	107856.268178	108668.297972	109369.809122
2.22	2516.89994095	95843.1026358	95845.8921583	97145.5353221	104994.090749	105065.773358	105834.961705	106728.807251	106947.395204	107189.857606	108024.473535	108848.414217	109505.064752
2.2	2699.31408495	95947.699855	96015.271704	97284.8819594	105048.717985	105113.853665	105985.3962	106828.687961	107087.323449	107280.985668	108150.890922	108983.235287	109611.338757
2.18	2895.81411066	96052.6965179	96201.2720635	97438.6919748	105108.059535	105166.865568	106149.618092	106923.051078	107241.190528	107393.931702	108289.939073	109130.946103	109732.023467
2.15	3219.31093632	96217.3968646	96507.6345047	97699.5200146	105206.779224	105256.55607	106424.248891	107050.846765	107500.684162	107610.640951	108524.643048	109378.886592	109943.160256
2.13	3455.8606925	96332.3313387	96731.8278393	97895.5020802	105279.91695	105323.737254	106630.97863	107122.156267	107698.685394	107786.773731	108700.336879	109562.948991	110106.159674
2.11	3710.50613196	96451.7847956	96973.4737964	98110.8198607	105358.8927	105397.623388	106849.733383	107202.951463	107906.940481	107988.727702	108892.928061	109764.387196	110288.988625
2.09	3984.66945027	96576.2225214	97233.957261	98346.9087202	105444.891639	105478.554658	107090.984286	107276.629096	108139.045876	108214.551733	109103.88927	109983.335087	110493.220742
2.08	4129.51831659	96640.4803035	97371.7192915	98473.2053961	105490.623568	105521.867976	107219.387918	107313.805904	108263.005147	108336.597185	109216.729957	110099.922205	110603.939108
2.07	4279.74211659	96706.2019815	97514.7552974	98605.2545019	105538.282484	105567.189487	107343.147467	107361.471404	108392.510542	108464.814264	109334.745855	110221.508955	110720.820323
2.06	4435.65250424	96773.4709556	97663.2671953	98743.253565	105587.951787	105614.600397	107381.53358	107500.995816	108527.770561	108599.297343	109458.14766	110348.242385	110843.8578
2.05	4597.35043789	96842.3881841	97817.4656808	98887.4023073	105639.717074	105664.188495	107420.80637	107646.404342	108669.004681	108740.175914	109587.159237	110480.344165	110973.415869
2.04	4765.10367657	96913.041457	97977.5680339	99037.9092296	105693.668327	105716.039376	107461.121665	107797.916458	108816.434568	108887.597023	109722.00445	110618.022795	111109.727172
2.03	4939.1119422	96985.5207588	98143.7937292	99194.980638	105749.893338	105770.247415	107502.633096	107955.764807	108970.299453	109041.73186	109862.909357	110761.495556	111253.037521
2.02	5119.60129371	97059.9511901	98316.3863835	99358.8360073	105808.499648	105826.911375	107545.498686	108120.197395	109130.836365	109202.77576	110010.126355	110910.997284	111403.597117
2.01	5306.82412681	97136.4249302	98495.5808346	99529.7013962	105869.581633	105886.127825	107589.856704	108291.457838	109298.295508	109370.928442	110163.896865	111066.771598	111561.656162
2.0	5500.97138453	97214.7268939	98681.6272837	99707.7896953	105933.253418	105948.008697	107635.729096	108469.809506	109472.942445	109546.422551	110324.493036	111229.081865	111727.480218
1.99	5702.33935755	97295.6428005	98874.7847108	99893.3884161	105999.618156	106012.654949	107683.519697	108655.51577	109655.033961	109729.48634	110492.171653	111398.193652	111901.30632
1.98	5911.17385748	97378.9575648	99075.3230697	100086.723618	106068.79217	106080.189488	107733.246064	108848.853166	109844.850985	109920.374399	110667.215839	111574.396664	112083.40881
1.97	6127.74264339	97464.7984821	99283.514509	100288.060864	106140.90056	106150.724244	107785.055245	109050.113597	110042.678832	110119.356683	110849.913105	111757.984997	112274.055447
